row1
   -0.2508    0.2000    0.3703   -0.2508    0.2000    0.3328   -0.2168    0.2000    0.3328   -0.2168    0.2000    0.3703
   -0.2508    0.2000    0.3234   -0.2508    0.2000    0.2859   -0.2168    0.2000    0.2859   -0.2168    0.2000    0.3234
   -0.2508    0.2000    0.2766   -0.2508    0.2000    0.2391   -0.2168    0.2000    0.2391   -0.2168    0.2000    0.2766
   -0.2508    0.2000    0.2297   -0.2508    0.2000    0.1922   -0.2168    0.2000    0.1922   -0.2168    0.2000    0.2297
   -0.2508    0.2000    0.1828   -0.2508    0.2000    0.1453   -0.2168    0.2000    0.1453   -0.2168    0.2000    0.1828
   -0.2508    0.2000    0.1359   -0.2508    0.2000    0.0984   -0.2168    0.2000    0.0984   -0.2168    0.2000    0.1359
   -0.2508    0.2000    0.0891   -0.2508    0.2000    0.0516   -0.2168    0.2000    0.0516   -0.2168    0.2000    0.0891
   -0.2508    0.2000    0.0422   -0.2508    0.2000    0.0047   -0.2168    0.2000    0.0047   -0.2168    0.2000    0.0422
   -0.2508    0.2000   -0.0047   -0.2508    0.2000   -0.0422   -0.2168    0.2000   -0.0422   -0.2168    0.2000   -0.0047
   -0.2508    0.2000   -0.0516   -0.2508    0.2000   -0.0891   -0.2168    0.2000   -0.0891   -0.2168    0.2000   -0.0516
   -0.2508    0.2000   -0.0984   -0.2508    0.2000   -0.1359   -0.2168    0.2000   -0.1359   -0.2168    0.2000   -0.0984
   -0.2508    0.2000   -0.1453   -0.2508    0.2000   -0.1828   -0.2168    0.2000   -0.1828   -0.2168    0.2000   -0.1453
   -0.2508    0.2000   -0.1922   -0.2508    0.2000   -0.2297   -0.2168    0.2000   -0.2297   -0.2168    0.2000   -0.1922
   -0.2508    0.2000   -0.2391   -0.2508    0.2000   -0.2766   -0.2168    0.2000   -0.2766   -0.2168    0.2000   -0.2391
   -0.2508    0.2000   -0.2859   -0.2508    0.2000   -0.3234   -0.2168    0.2000   -0.3234   -0.2168    0.2000   -0.2859
   -0.2508    0.2000   -0.3328   -0.2508    0.2000   -0.3703   -0.2168    0.2000   -0.3703   -0.2168    0.2000   -0.3328
row2
   -0.2083    0.2000    0.3703   -0.2083    0.2000    0.3328   -0.1743    0.2000    0.3328   -0.1743    0.2000    0.3703
   -0.2083    0.2000    0.3234   -0.2083    0.2000    0.2859   -0.1743    0.2000    0.2859   -0.1743    0.2000    0.3234
   -0.2083    0.2000    0.2766   -0.2083    0.2000    0.2391   -0.1743    0.2000    0.2391   -0.1743    0.2000    0.2766
   -0.2083    0.2000    0.2297   -0.2083    0.2000    0.1922   -0.1743    0.2000    0.1922   -0.1743    0.2000    0.2297
   -0.2083    0.2000    0.1828   -0.2083    0.2000    0.1453   -0.1743    0.2000    0.1453   -0.1743    0.2000    0.1828
   -0.2083    0.2000    0.1359   -0.2083    0.2000    0.0984   -0.1743    0.2000    0.0984   -0.1743    0.2000    0.1359
   -0.2083    0.2000    0.0891   -0.2083    0.2000    0.0516   -0.1743    0.2000    0.0516   -0.1743    0.2000    0.0891
   -0.2083    0.2000    0.0422   -0.2083    0.2000    0.0047   -0.1743    0.2000    0.0047   -0.1743    0.2000    0.0422
   -0.2083    0.2000   -0.0047   -0.2083    0.2000   -0.0422   -0.1743    0.2000   -0.0422   -0.1743    0.2000   -0.0047
   -0.2083    0.2000   -0.0516   -0.2083    0.2000   -0.0891   -0.1743    0.2000   -0.0891   -0.1743    0.2000   -0.0516
   -0.2083    0.2000   -0.0984   -0.2083    0.2000   -0.1359   -0.1743    0.2000   -0.1359   -0.1743    0.2000   -0.0984
   -0.2083    0.2000   -0.1453   -0.2083    0.2000   -0.1828   -0.1743    0.2000   -0.1828   -0.1743    0.2000   -0.1453
   -0.2083    0.2000   -0.1922   -0.2083    0.2000   -0.2297   -0.1743    0.2000   -0.2297   -0.1743    0.2000   -0.1922
   -0.2083    0.2000   -0.2391   -0.2083    0.2000   -0.2766   -0.1743    0.2000   -0.2766   -0.1743    0.2000   -0.2391
   -0.2083    0.2000   -0.2859   -0.2083    0.2000   -0.3234   -0.1743    0.2000   -0.3234   -0.1743    0.2000   -0.2859
   -0.2083    0.2000   -0.3328   -0.2083    0.2000   -0.3703   -0.1743    0.2000   -0.3703   -0.1743    0.2000   -0.3328
row3
   -0.1658    0.2000    0.3703   -0.1658    0.2000    0.3328   -0.1318    0.2000    0.3328   -0.1318    0.2000    0.3703
   -0.1658    0.2000    0.3234   -0.1658    0.2000    0.2859   -0.1318    0.2000    0.2859   -0.1318    0.2000    0.3234
   -0.1658    0.2000    0.2766   -0.1658    0.2000    0.2391   -0.1318    0.2000    0.2391   -0.1318    0.2000    0.2766
   -0.1658    0.2000    0.2297   -0.1658    0.2000    0.1922   -0.1318    0.2000    0.1922   -0.1318    0.2000    0.2297
   -0.1658    0.2000    0.1828   -0.1658    0.2000    0.1453   -0.1318    0.2000    0.1453   -0.1318    0.2000    0.1828
   -0.1658    0.2000    0.1359   -0.1658    0.2000    0.0984   -0.1318    0.2000    0.0984   -0.1318    0.2000    0.1359
   -0.1658    0.2000    0.0891   -0.1658    0.2000    0.0516   -0.1318    0.2000    0.0516   -0.1318    0.2000    0.0891
   -0.1658    0.2000    0.0422   -0.1658    0.2000    0.0047   -0.1318    0.2000    0.0047   -0.1318    0.2000    0.0422
   -0.1658    0.2000   -0.0047   -0.1658    0.2000   -0.0422   -0.1318    0.2000   -0.0422   -0.1318    0.2000   -0.0047
   -0.1658    0.2000   -0.0516   -0.1658    0.2000   -0.0891   -0.1318    0.2000   -0.0891   -0.1318    0.2000   -0.0516
   -0.1658    0.2000   -0.0984   -0.1658    0.2000   -0.1359   -0.1318    0.2000   -0.1359   -0.1318    0.2000   -0.0984
   -0.1658    0.2000   -0.1453   -0.1658    0.2000   -0.1828   -0.1318    0.2000   -0.1828   -0.1318    0.2000   -0.1453
   -0.1658    0.2000   -0.1922   -0.1658    0.2000   -0.2297   -0.1318    0.2000   -0.2297   -0.1318    0.2000   -0.1922
   -0.1658    0.2000   -0.2391   -0.1658    0.2000   -0.2766   -0.1318    0.2000   -0.2766   -0.1318    0.2000   -0.2391
   -0.1658    0.2000   -0.2859   -0.1658    0.2000   -0.3234   -0.1318    0.2000   -0.3234   -0.1318    0.2000   -0.2859
   -0.1658    0.2000   -0.3328   -0.1658    0.2000   -0.3703   -0.1318    0.2000   -0.3703   -0.1318    0.2000   -0.3328
row4
   -0.1232    0.2000    0.3703   -0.1232    0.2000    0.3328   -0.0893    0.2000    0.3328   -0.0893    0.2000    0.3703
   -0.1232    0.2000    0.3234   -0.1232    0.2000    0.2859   -0.0893    0.2000    0.2859   -0.0893    0.2000    0.3234
   -0.1232    0.2000    0.2766   -0.1232    0.2000    0.2391   -0.0893    0.2000    0.2391   -0.0893    0.2000    0.2766
   -0.1232    0.2000    0.2297   -0.1232    0.2000    0.1922   -0.0893    0.2000    0.1922   -0.0893    0.2000    0.2297
   -0.1232    0.2000    0.1828   -0.1232    0.2000    0.1453   -0.0893    0.2000    0.1453   -0.0893    0.2000    0.1828
   -0.1232    0.2000    0.1359   -0.1232    0.2000    0.0984   -0.0893    0.2000    0.0984   -0.0893    0.2000    0.1359
   -0.1232    0.2000    0.0891   -0.1232    0.2000    0.0516   -0.0893    0.2000    0.0516   -0.0893    0.2000    0.0891
   -0.1232    0.2000    0.0422   -0.1232    0.2000    0.0047   -0.0893    0.2000    0.0047   -0.0893    0.2000    0.0422
   -0.1232    0.2000   -0.0047   -0.1232    0.2000   -0.0422   -0.0893    0.2000   -0.0422   -0.0893    0.2000   -0.0047
   -0.1232    0.2000   -0.0516   -0.1232    0.2000   -0.0891   -0.0893    0.2000   -0.0891   -0.0893    0.2000   -0.0516
   -0.1232    0.2000   -0.0984   -0.1232    0.2000   -0.1359   -0.0893    0.2000   -0.1359   -0.0893    0.2000   -0.0984
   -0.1232    0.2000   -0.1453   -0.1232    0.2000   -0.1828   -0.0893    0.2000   -0.1828   -0.0893    0.2000   -0.1453
   -0.1232    0.2000   -0.1922   -0.1232    0.2000   -0.2297   -0.0893    0.2000   -0.2297   -0.0893    0.2000   -0.1922
   -0.1232    0.2000   -0.2391   -0.1232    0.2000   -0.2766   -0.0893    0.2000   -0.2766   -0.0893    0.2000   -0.2391
   -0.1232    0.2000   -0.2859   -0.1232    0.2000   -0.3234   -0.0893    0.2000   -0.3234   -0.0893    0.2000   -0.2859
   -0.1232    0.2000   -0.3328   -0.1232    0.2000   -0.3703   -0.0893    0.2000   -0.3703   -0.0893    0.2000   -0.3328
row5
   -0.0808    0.2000    0.3703   -0.0808    0.2000    0.3328   -0.0467    0.2000    0.3328   -0.0467    0.2000    0.3703
   -0.0808    0.2000    0.3234   -0.0808    0.2000    0.2859   -0.0467    0.2000    0.2859   -0.0467    0.2000    0.3234
   -0.0808    0.2000    0.2766   -0.0808    0.2000    0.2391   -0.0467    0.2000    0.2391   -0.0467    0.2000    0.2766
   -0.0808    0.2000    0.2297   -0.0808    0.2000    0.1922   -0.0467    0.2000    0.1922   -0.0467    0.2000    0.2297
   -0.0808    0.2000    0.1828   -0.0808    0.2000    0.1453   -0.0467    0.2000    0.1453   -0.0467    0.2000    0.1828
   -0.0808    0.2000    0.1359   -0.0808    0.2000    0.0984   -0.0467    0.2000    0.0984   -0.0467    0.2000    0.1359
   -0.0808    0.2000    0.0891   -0.0808    0.2000    0.0516   -0.0467    0.2000    0.0516   -0.0467    0.2000    0.0891
   -0.0808    0.2000    0.0422   -0.0808    0.2000    0.0047   -0.0467    0.2000    0.0047   -0.0467    0.2000    0.0422
   -0.0808    0.2000   -0.0047   -0.0808    0.2000   -0.0422   -0.0467    0.2000   -0.0422   -0.0467    0.2000   -0.0047
   -0.0808    0.2000   -0.0516   -0.0808    0.2000   -0.0891   -0.0467    0.2000   -0.0891   -0.0467    0.2000   -0.0516
   -0.0808    0.2000   -0.0984   -0.0808    0.2000   -0.1359   -0.0467    0.2000   -0.1359   -0.0467    0.2000   -0.0984
   -0.0808    0.2000   -0.1453   -0.0808    0.2000   -0.1828   -0.0467    0.2000   -0.1828   -0.0467    0.2000   -0.1453
   -0.0808    0.2000   -0.1922   -0.0808    0.2000   -0.2297   -0.0467    0.2000   -0.2297   -0.0467    0.2000   -0.1922
   -0.0808    0.2000   -0.2391   -0.0808    0.2000   -0.2766   -0.0467    0.2000   -0.2766   -0.0467    0.2000   -0.2391
   -0.0808    0.2000   -0.2859   -0.0808    0.2000   -0.3234   -0.0467    0.2000   -0.3234   -0.0467    0.2000   -0.2859
   -0.0808    0.2000   -0.3328   -0.0808    0.2000   -0.3703   -0.0467    0.2000   -0.3703   -0.0467    0.2000   -0.3328
row6
   -0.0383    0.2000    0.3703   -0.0383    0.2000    0.3328   -0.0043    0.2000    0.3328   -0.0043    0.2000    0.3703
   -0.0383    0.2000    0.3234   -0.0383    0.2000    0.2859   -0.0043    0.2000    0.2859   -0.0043    0.2000    0.3234
   -0.0383    0.2000    0.2766   -0.0383    0.2000    0.2391   -0.0043    0.2000    0.2391   -0.0043    0.2000    0.2766
   -0.0383    0.2000    0.2297   -0.0383    0.2000    0.1922   -0.0043    0.2000    0.1922   -0.0043    0.2000    0.2297
   -0.0383    0.2000    0.1828   -0.0383    0.2000    0.1453   -0.0043    0.2000    0.1453   -0.0043    0.2000    0.1828
   -0.0383    0.2000    0.1359   -0.0383    0.2000    0.0984   -0.0043    0.2000    0.0984   -0.0043    0.2000    0.1359
   -0.0383    0.2000    0.0891   -0.0383    0.2000    0.0516   -0.0043    0.2000    0.0516   -0.0043    0.2000    0.0891
   -0.0383    0.2000    0.0422   -0.0383    0.2000    0.0047   -0.0043    0.2000    0.0047   -0.0043    0.2000    0.0422
   -0.0383    0.2000   -0.0047   -0.0383    0.2000   -0.0422   -0.0043    0.2000   -0.0422   -0.0043    0.2000   -0.0047
   -0.0383    0.2000   -0.0516   -0.0383    0.2000   -0.0891   -0.0043    0.2000   -0.0891   -0.0043    0.2000   -0.0516
   -0.0383    0.2000   -0.0984   -0.0383    0.2000   -0.1359   -0.0043    0.2000   -0.1359   -0.0043    0.2000   -0.0984
   -0.0383    0.2000   -0.1453   -0.0383    0.2000   -0.1828   -0.0043    0.2000   -0.1828   -0.0043    0.2000   -0.1453
   -0.0383    0.2000   -0.1922   -0.0383    0.2000   -0.2297   -0.0043    0.2000   -0.2297   -0.0043    0.2000   -0.1922
   -0.0383    0.2000   -0.2391   -0.0383    0.2000   -0.2766   -0.0043    0.2000   -0.2766   -0.0043    0.2000   -0.2391
   -0.0383    0.2000   -0.2859   -0.0383    0.2000   -0.3234   -0.0043    0.2000   -0.3234   -0.0043    0.2000   -0.2859
   -0.0383    0.2000   -0.3328   -0.0383    0.2000   -0.3703   -0.0043    0.2000   -0.3703   -0.0043    0.2000   -0.3328
row7
    0.0043    0.2000    0.3703    0.0043    0.2000    0.3328    0.0383    0.2000    0.3328    0.0383    0.2000    0.3703
    0.0043    0.2000    0.3234    0.0043    0.2000    0.2859    0.0383    0.2000    0.2859    0.0383    0.2000    0.3234
    0.0043    0.2000    0.2766    0.0043    0.2000    0.2391    0.0383    0.2000    0.2391    0.0383    0.2000    0.2766
    0.0043    0.2000    0.2297    0.0043    0.2000    0.1922    0.0383    0.2000    0.1922    0.0383    0.2000    0.2297
    0.0043    0.2000    0.1828    0.0043    0.2000    0.1453    0.0383    0.2000    0.1453    0.0383    0.2000    0.1828
    0.0043    0.2000    0.1359    0.0043    0.2000    0.0984    0.0383    0.2000    0.0984    0.0383    0.2000    0.1359
    0.0043    0.2000    0.0891    0.0043    0.2000    0.0516    0.0383    0.2000    0.0516    0.0383    0.2000    0.0891
    0.0043    0.2000    0.0422    0.0043    0.2000    0.0047    0.0383    0.2000    0.0047    0.0383    0.2000    0.0422
    0.0043    0.2000   -0.0047    0.0043    0.2000   -0.0422    0.0383    0.2000   -0.0422    0.0383    0.2000   -0.0047
    0.0043    0.2000   -0.0516    0.0043    0.2000   -0.0891    0.0383    0.2000   -0.0891    0.0383    0.2000   -0.0516
    0.0043    0.2000   -0.0984    0.0043    0.2000   -0.1359    0.0383    0.2000   -0.1359    0.0383    0.2000   -0.0984
    0.0043    0.2000   -0.1453    0.0043    0.2000   -0.1828    0.0383    0.2000   -0.1828    0.0383    0.2000   -0.1453
    0.0043    0.2000   -0.1922    0.0043    0.2000   -0.2297    0.0383    0.2000   -0.2297    0.0383    0.2000   -0.1922
    0.0043    0.2000   -0.2391    0.0043    0.2000   -0.2766    0.0383    0.2000   -0.2766    0.0383    0.2000   -0.2391
    0.0043    0.2000   -0.2859    0.0043    0.2000   -0.3234    0.0383    0.2000   -0.3234    0.0383    0.2000   -0.2859
    0.0043    0.2000   -0.3328    0.0043    0.2000   -0.3703    0.0383    0.2000   -0.3703    0.0383    0.2000   -0.3328
row8
    0.0467    0.2000    0.3703    0.0467    0.2000    0.3328    0.0808    0.2000    0.3328    0.0808    0.2000    0.3703
    0.0467    0.2000    0.3234    0.0467    0.2000    0.2859    0.0808    0.2000    0.2859    0.0808    0.2000    0.3234
    0.0467    0.2000    0.2766    0.0467    0.2000    0.2391    0.0808    0.2000    0.2391    0.0808    0.2000    0.2766
    0.0467    0.2000    0.2297    0.0467    0.2000    0.1922    0.0808    0.2000    0.1922    0.0808    0.2000    0.2297
    0.0467    0.2000    0.1828    0.0467    0.2000    0.1453    0.0808    0.2000    0.1453    0.0808    0.2000    0.1828
    0.0467    0.2000    0.1359    0.0467    0.2000    0.0984    0.0808    0.2000    0.0984    0.0808    0.2000    0.1359
    0.0467    0.2000    0.0891    0.0467    0.2000    0.0516    0.0808    0.2000    0.0516    0.0808    0.2000    0.0891
    0.0467    0.2000    0.0422    0.0467    0.2000    0.0047    0.0808    0.2000    0.0047    0.0808    0.2000    0.0422
    0.0467    0.2000   -0.0047    0.0467    0.2000   -0.0422    0.0808    0.2000   -0.0422    0.0808    0.2000   -0.0047
    0.0467    0.2000   -0.0516    0.0467    0.2000   -0.0891    0.0808    0.2000   -0.0891    0.0808    0.2000   -0.0516
    0.0467    0.2000   -0.0984    0.0467    0.2000   -0.1359    0.0808    0.2000   -0.1359    0.0808    0.2000   -0.0984
    0.0467    0.2000   -0.1453    0.0467    0.2000   -0.1828    0.0808    0.2000   -0.1828    0.0808    0.2000   -0.1453
    0.0467    0.2000   -0.1922    0.0467    0.2000   -0.2297    0.0808    0.2000   -0.2297    0.0808    0.2000   -0.1922
    0.0467    0.2000   -0.2391    0.0467    0.2000   -0.2766    0.0808    0.2000   -0.2766    0.0808    0.2000   -0.2391
    0.0467    0.2000   -0.2859    0.0467    0.2000   -0.3234    0.0808    0.2000   -0.3234    0.0808    0.2000   -0.2859
    0.0467    0.2000   -0.3328    0.0467    0.2000   -0.3703    0.0808    0.2000   -0.3703    0.0808    0.2000   -0.3328
row9
    0.0893    0.2000    0.3703    0.0893    0.2000    0.3328    0.1232    0.2000    0.3328    0.1232    0.2000    0.3703
    0.0893    0.2000    0.3234    0.0893    0.2000    0.2859    0.1232    0.2000    0.2859    0.1232    0.2000    0.3234
    0.0893    0.2000    0.2766    0.0893    0.2000    0.2391    0.1232    0.2000    0.2391    0.1232    0.2000    0.2766
    0.0893    0.2000    0.2297    0.0893    0.2000    0.1922    0.1232    0.2000    0.1922    0.1232    0.2000    0.2297
    0.0893    0.2000    0.1828    0.0893    0.2000    0.1453    0.1232    0.2000    0.1453    0.1232    0.2000    0.1828
    0.0893    0.2000    0.1359    0.0893    0.2000    0.0984    0.1232    0.2000    0.0984    0.1232    0.2000    0.1359
    0.0893    0.2000    0.0891    0.0893    0.2000    0.0516    0.1232    0.2000    0.0516    0.1232    0.2000    0.0891
    0.0893    0.2000    0.0422    0.0893    0.2000    0.0047    0.1232    0.2000    0.0047    0.1232    0.2000    0.0422
    0.0893    0.2000   -0.0047    0.0893    0.2000   -0.0422    0.1232    0.2000   -0.0422    0.1232    0.2000   -0.0047
    0.0893    0.2000   -0.0516    0.0893    0.2000   -0.0891    0.1232    0.2000   -0.0891    0.1232    0.2000   -0.0516
    0.0893    0.2000   -0.0984    0.0893    0.2000   -0.1359    0.1232    0.2000   -0.1359    0.1232    0.2000   -0.0984
    0.0893    0.2000   -0.1453    0.0893    0.2000   -0.1828    0.1232    0.2000   -0.1828    0.1232    0.2000   -0.1453
    0.0893    0.2000   -0.1922    0.0893    0.2000   -0.2297    0.1232    0.2000   -0.2297    0.1232    0.2000   -0.1922
    0.0893    0.2000   -0.2391    0.0893    0.2000   -0.2766    0.1232    0.2000   -0.2766    0.1232    0.2000   -0.2391
    0.0893    0.2000   -0.2859    0.0893    0.2000   -0.3234    0.1232    0.2000   -0.3234    0.1232    0.2000   -0.2859
    0.0893    0.2000   -0.3328    0.0893    0.2000   -0.3703    0.1232    0.2000   -0.3703    0.1232    0.2000   -0.3328
row10
    0.1318    0.2000    0.3703    0.1318    0.2000    0.3328    0.1658    0.2000    0.3328    0.1658    0.2000    0.3703
    0.1318    0.2000    0.3234    0.1318    0.2000    0.2859    0.1658    0.2000    0.2859    0.1658    0.2000    0.3234
    0.1318    0.2000    0.2766    0.1318    0.2000    0.2391    0.1658    0.2000    0.2391    0.1658    0.2000    0.2766
    0.1318    0.2000    0.2297    0.1318    0.2000    0.1922    0.1658    0.2000    0.1922    0.1658    0.2000    0.2297
    0.1318    0.2000    0.1828    0.1318    0.2000    0.1453    0.1658    0.2000    0.1453    0.1658    0.2000    0.1828
    0.1318    0.2000    0.1359    0.1318    0.2000    0.0984    0.1658    0.2000    0.0984    0.1658    0.2000    0.1359
    0.1318    0.2000    0.0891    0.1318    0.2000    0.0516    0.1658    0.2000    0.0516    0.1658    0.2000    0.0891
    0.1318    0.2000    0.0422    0.1318    0.2000    0.0047    0.1658    0.2000    0.0047    0.1658    0.2000    0.0422
    0.1318    0.2000   -0.0047    0.1318    0.2000   -0.0422    0.1658    0.2000   -0.0422    0.1658    0.2000   -0.0047
    0.1318    0.2000   -0.0516    0.1318    0.2000   -0.0891    0.1658    0.2000   -0.0891    0.1658    0.2000   -0.0516
    0.1318    0.2000   -0.0984    0.1318    0.2000   -0.1359    0.1658    0.2000   -0.1359    0.1658    0.2000   -0.0984
    0.1318    0.2000   -0.1453    0.1318    0.2000   -0.1828    0.1658    0.2000   -0.1828    0.1658    0.2000   -0.1453
    0.1318    0.2000   -0.1922    0.1318    0.2000   -0.2297    0.1658    0.2000   -0.2297    0.1658    0.2000   -0.1922
    0.1318    0.2000   -0.2391    0.1318    0.2000   -0.2766    0.1658    0.2000   -0.2766    0.1658    0.2000   -0.2391
    0.1318    0.2000   -0.2859    0.1318    0.2000   -0.3234    0.1658    0.2000   -0.3234    0.1658    0.2000   -0.2859
    0.1318    0.2000   -0.3328    0.1318    0.2000   -0.3703    0.1658    0.2000   -0.3703    0.1658    0.2000   -0.3328
row11
    0.1743    0.2000    0.3703    0.1743    0.2000    0.3328    0.2083    0.2000    0.3328    0.2083    0.2000    0.3703
    0.1743    0.2000    0.3234    0.1743    0.2000    0.2859    0.2083    0.2000    0.2859    0.2083    0.2000    0.3234
    0.1743    0.2000    0.2766    0.1743    0.2000    0.2391    0.2083    0.2000    0.2391    0.2083    0.2000    0.2766
    0.1743    0.2000    0.2297    0.1743    0.2000    0.1922    0.2083    0.2000    0.1922    0.2083    0.2000    0.2297
    0.1743    0.2000    0.1828    0.1743    0.2000    0.1453    0.2083    0.2000    0.1453    0.2083    0.2000    0.1828
    0.1743    0.2000    0.1359    0.1743    0.2000    0.0984    0.2083    0.2000    0.0984    0.2083    0.2000    0.1359
    0.1743    0.2000    0.0891    0.1743    0.2000    0.0516    0.2083    0.2000    0.0516    0.2083    0.2000    0.0891
    0.1743    0.2000    0.0422    0.1743    0.2000    0.0047    0.2083    0.2000    0.0047    0.2083    0.2000    0.0422
    0.1743    0.2000   -0.0047    0.1743    0.2000   -0.0422    0.2083    0.2000   -0.0422    0.2083    0.2000   -0.0047
    0.1743    0.2000   -0.0516    0.1743    0.2000   -0.0891    0.2083    0.2000   -0.0891    0.2083    0.2000   -0.0516
    0.1743    0.2000   -0.0984    0.1743    0.2000   -0.1359    0.2083    0.2000   -0.1359    0.2083    0.2000   -0.0984
    0.1743    0.2000   -0.1453    0.1743    0.2000   -0.1828    0.2083    0.2000   -0.1828    0.2083    0.2000   -0.1453
    0.1743    0.2000   -0.1922    0.1743    0.2000   -0.2297    0.2083    0.2000   -0.2297    0.2083    0.2000   -0.1922
    0.1743    0.2000   -0.2391    0.1743    0.2000   -0.2766    0.2083    0.2000   -0.2766    0.2083    0.2000   -0.2391
    0.1743    0.2000   -0.2859    0.1743    0.2000   -0.3234    0.2083    0.2000   -0.3234    0.2083    0.2000   -0.2859
    0.1743    0.2000   -0.3328    0.1743    0.2000   -0.3703    0.2083    0.2000   -0.3703    0.2083    0.2000   -0.3328
row12
    0.2168    0.2000    0.3703    0.2168    0.2000    0.3328    0.2508    0.2000    0.3328    0.2508    0.2000    0.3703
    0.2168    0.2000    0.3234    0.2168    0.2000    0.2859    0.2508    0.2000    0.2859    0.2508    0.2000    0.3234
    0.2168    0.2000    0.2766    0.2168    0.2000    0.2391    0.2508    0.2000    0.2391    0.2508    0.2000    0.2766
    0.2168    0.2000    0.2297    0.2168    0.2000    0.1922    0.2508    0.2000    0.1922    0.2508    0.2000    0.2297
    0.2168    0.2000    0.1828    0.2168    0.2000    0.1453    0.2508    0.2000    0.1453    0.2508    0.2000    0.1828
    0.2168    0.2000    0.1359    0.2168    0.2000    0.0984    0.2508    0.2000    0.0984    0.2508    0.2000    0.1359
    0.2168    0.2000    0.0891    0.2168    0.2000    0.0516    0.2508    0.2000    0.0516    0.2508    0.2000    0.0891
    0.2168    0.2000    0.0422    0.2168    0.2000    0.0047    0.2508    0.2000    0.0047    0.2508    0.2000    0.0422
    0.2168    0.2000   -0.0047    0.2168    0.2000   -0.0422    0.2508    0.2000   -0.0422    0.2508    0.2000   -0.0047
    0.2168    0.2000   -0.0516    0.2168    0.2000   -0.0891    0.2508    0.2000   -0.0891    0.2508    0.2000   -0.0516
    0.2168    0.2000   -0.0984    0.2168    0.2000   -0.1359    0.2508    0.2000   -0.1359    0.2508    0.2000   -0.0984
    0.2168    0.2000   -0.1453    0.2168    0.2000   -0.1828    0.2508    0.2000   -0.1828    0.2508    0.2000   -0.1453
    0.2168    0.2000   -0.1922    0.2168    0.2000   -0.2297    0.2508    0.2000   -0.2297    0.2508    0.2000   -0.1922
    0.2168    0.2000   -0.2391    0.2168    0.2000   -0.2766    0.2508    0.2000   -0.2766    0.2508    0.2000   -0.2391
    0.2168    0.2000   -0.2859    0.2168    0.2000   -0.3234    0.2508    0.2000   -0.3234    0.2508    0.2000   -0.2859
    0.2168    0.2000   -0.3328    0.2168    0.2000   -0.3703    0.2508    0.2000   -0.3703    0.2508    0.2000   -0.3328
